11100100   0.7732   8.8580   0.0000   0.0000   1.6047   3.9277   0.0000  29.1369  11.3790 645 852  49  50  51  52  50  52  52
11100103   0.3788   5.3414   0.0000   0.0000   0.0000   0.0000   0.3504  32.1739  11.0070 645 852  49  50  51  52  50  52  52
11100106   0.2121   8.7887   0.0000   0.0000   0.0000   1.0015   6.7248  53.9862  11.0919 645 852  49  50  51  52  50  52  52
11100109   0.0435   8.4521   0.0000   0.2976   0.0000   0.0000   5.1360  56.1277   8.6893 645 852  49  50  51  52  50  52  52
11100112   0.1868  15.2203   0.0000   0.0000   0.1412   0.0000   1.1472  47.8523  18.1910 645 852  49  50  51  52  50  52  52
11100115   0.1540  14.6670   0.0000   0.1632   0.0282   0.0000   2.1312  32.9538  70.0025 645 852  49  50  51  52  50  52  52
11100118   0.1230   9.2580   0.5405   0.0000   0.0000   0.0000  13.2720  15.3600  74.0662 645 852  49  50  51  52  50  52  52
11100121   1.0586  22.4904   0.0000   0.0000  14.8424   4.0846  47.8368  22.8969  23.2995 645 852  49  50  51  52  50  52  52
11100200   0.5395  37.7194   0.0000   0.0000   5.6000   1.3108  47.8704  18.5031   9.5005 645 852  49  50  51  52  50  52  52
11100203   0.4755  34.3042   0.0000   0.0000   0.9741   0.0000 102.4032  13.2462  39.5475 645 852  49  50  51  52  50  52  52
11100206   1.1338  53.4887   0.0000   0.0000   1.2282   0.7662 135.4512   6.1615  28.1369 645 852  49  50  51  52  50  52  52
11100209   1.8128  39.8442   0.0000   0.0336   2.8988  27.1338  49.2432   2.9400  12.6076 645 852  49  50  51  52  50  52  52
11100212   0.4547  38.3887   0.0000   0.0000   0.6729   5.9769  11.8848   3.1985   7.0594 645 852  49  50  51  52  50  52  52
11100215   0.9109  32.2764   0.4734   0.0000   0.9929   0.0000  11.3376   0.3508  23.8229 645 852  49  50  51  52  50  52  52
11100218   0.4179  38.6163   0.0000   0.0000  24.8941   0.1938   1.1760   0.9785  14.2862 645 852  49  50  51  52  50  52  52
11100221   3.0850  25.4626   0.0000   0.0000   8.0894  11.0492   0.1920   0.0000   1.7863 645 852  49  50  51  52  50  52  52
11100300   1.8962  20.2155   0.0000   0.0000   0.4424   6.7338   0.4848   0.0000   0.0000 645 852  49  50  51  52  50  52  52
11100303   0.7446  11.2989   0.0000   0.0000   0.0000  18.7200   3.0336   8.6538   9.2826 645 852  49  50  51  52  50  52  52
11100306   2.0789   7.4997   0.3044   0.0000   0.6118  29.1969   0.7488   0.0000  22.3855 645 852  49  50  51  52  50  52  52
11100309   0.9816   1.5687   0.0000   0.0000   0.6682  12.7062   2.4336   0.0000   0.2954 645 852  49  50  51  52  50  52  52
11100312   0.4231   0.8479   0.0000   0.0000   0.0000   1.5415   1.2096   0.0000   4.6120 645 852  49  50  51  52  50  52  52
11100315   0.4520   1.3456   0.1454   0.0000   0.0376   0.0738   0.0720   0.0000   4.2441 645 852  49  50  51  52  50  52  52
11100318   0.2080   0.7076   0.0000   0.1344   4.1976   0.0046   0.0000   0.0000   0.7988 645 852  49  50  51  52  50  52  52
11100321   0.0000   0.4946   0.0000   0.0000   0.0000   0.0000   0.0000   0.5769   0.0000 645 852  49  50  51  52  50  52  52
11100400   0.4860   1.9400   0.1335   0.0000   0.4235   0.0000   0.0000   7.8000   0.0000 645 852  49  50  51  52  50  52  52
11100403   0.2161   1.9318   0.1700   0.0000   1.7224   0.0000   0.0000  18.1800   0.4473 645 852  49  50  51  52  50  52  52
11100406   0.6426   1.0118   0.0000   0.0000   7.2706   0.9231   0.0144  10.6062   0.4999 645 852  49  50  51  52  50  52  52
11100409   0.8480   0.1394   0.0000   0.0000  10.8847   0.3323   0.0000  61.5092   0.0000 645 852  49  50  51  52  50  52  52
11100412   3.8340   0.5462   1.6790   0.0000   8.4424   8.2154   0.0912  59.0031   0.0000 645 852  49  50  51  52  50  52  52
11100415   4.1380   0.2648   0.0000   0.0000   4.4518   2.6492   0.0528 102.8677   5.9183 645 852  49  50  51  52  50  52  52
11100418   1.7496   0.7501   0.0000   0.0000   1.6376   2.4785   1.0416  76.0569  23.9077 645 852  49  50  51  52  50  52  52
11100421   0.0000   0.4369   0.0000   0.0000   0.0000   0.0000   0.0000  79.4446  15.1133 645 852  49  50  51  52  50  52  52
11100500   0.0052   1.6969   0.0000   0.0480   0.6212   0.0000   2.3520  31.1400   2.1621 645 852  49  50  51  52  50  52  52
11100503   0.0000   2.3321   0.0000   0.0000   1.7224   0.0000   1.2480   3.2262   0.0239 645 852  49  50  51  52  50  52  52
11100506   0.0569   0.7969   0.1662   0.0000   0.1365   0.0000   0.3120   1.9662   0.7495 645 852  49  50  51  52  50  52  52
11100509   0.0000   0.1820   0.0000   0.0000   0.0000   0.0000   0.0000   0.0000   0.0000 645 852  49  50  51  52  50  52  52
11100512   0.0339   2.1851   0.2382   0.0000   0.0000   0.0000  10.4256   0.0738   1.0197 645 852  49  50  51  52  50  52  52
11100515   0.0324   1.4879  23.4316   0.0000   0.1176   0.0000  14.4240   0.1662   3.4451 645 852  49  50  51  52  50  52  52
11100518   0.0000   6.6901   0.0000   0.0000   0.0612   0.0000  25.5216   0.3000   0.0000 645 852  49  50  51  52  50  52  52
11100521   0.0000  19.5439   0.0000   0.0000   0.0000   0.0000  50.2224   0.0000   0.1745 645 852  49  50  51  52  50  52  52
11100600   0.1012  25.2172   0.0000   0.0000   0.0000   0.0000   4.0080   0.0000   2.6884 645 852  49  50  51  52  50  52  52
11100603   0.0625  24.9707   0.0000   0.0000   0.0000   0.0000   1.6320   0.0000  31.9370 645 852  49  50  51  52  50  52  52
11100606   0.2043  27.4901   0.0910   0.0336   0.0000   0.0000   1.6320   0.0000 107.1176 645 852  49  50  51  52  50  52  52
11100609   0.0000  20.3316   0.0000   0.0000   0.0000   0.0000   2.2032   0.0000   4.3342 645 852  49  50  51  52  50  52  52
11100612   0.0327   3.7955   0.0000   0.0000   0.0753   1.5692   1.9344   1.3431   1.4484 645 852  49  50  51  52  50  52  52
11100615   0.0268   1.2501   0.0000   0.0000   0.0000   0.0000   3.7584   2.6354   1.0909 645 852  49  50  51  52  50  52  52
11100618   0.1965   1.2924   0.0000   0.0000   0.2682   0.3646  12.3888   8.3262   0.0000 645 852  49  50  51  52  50  52  52
11100621   0.0000   0.7169   0.0000   0.0000   0.0000   0.8631   4.6176   0.0000   0.0000 645 852  49  50  51  52  50  52  52
11100700   0.0000   3.4068   0.0000   0.0000   0.0000   0.6738  27.4224   3.4938   0.0000 645 852  49  50  51  52  50  52  52
11100703   0.0000   4.5332   0.3938   0.0000   0.0000   0.0000  32.0880   0.4108   0.6288 645 852  49  50  51  52  50  52  52
11100706   0.0186   1.9862   0.0000   0.0000   0.0000   0.1200  15.5424   0.0000   0.7610 645 852  49  50  51  52  50  52  52
11100709   0.0000   0.0214   0.0000   0.0000   0.0000   0.0000   0.0000   0.0000   0.0338 645 852  49  50  51  52  50  52  52
11100712   0.0000   0.4008   0.0742   0.0000   0.4753   0.0000   7.3104   0.0369   0.2859 645 852  49  50  51  52  50  52  52
11100715   0.0037   0.6532   0.0000   0.0000   0.0000   0.0000  12.6720   0.8492   0.5926 645 852  49  50  51  52  50  52  52
11100718   0.2262   0.1732   0.0000   0.0096   0.0000   0.0415  22.7856   0.0000   0.0000 645 852  49  50  51  52  50  52  52
11100721   0.0000   0.3501   0.0000   0.0000   0.0000   0.0000  28.8672  11.5846   4.6232 645 852  49  50  51  52  50  52  52
11100800   0.0432   0.8963   0.1366   0.0000   0.1788   0.0000  33.2736  11.8154   9.4932 645 852  49  50  51  52  50  52  52
11100803   0.0000   1.0772   0.0000   0.0000   0.0000   0.0000  21.1680  12.2908  14.9024 645 852  49  50  51  52  50  52  52
11100806   0.0201   0.2073   0.0000   0.0000   0.0000   0.0000   4.1424   0.0000  13.3217 645 852  49  50  51  52  50  52  52
11100809   0.0000   0.2842   0.0000   0.0000   0.0000   0.0000   0.7536  21.9508   5.8272 645 852  49  50  51  52  50  52  52
11100812   0.5427   1.7248   0.5542   0.0000   0.0000   0.0000   0.3072  10.2415   5.4374 645 852  49  50  51  52  50  52  52
11100815   0.3594   2.2656   0.4726   0.0000   0.0000   0.0000   1.5792   4.5138  50.4923 645 852  49  50  51  52  50  52  52
11100818   0.0000   2.7073   0.0000   0.0000   0.0000   0.0000   4.9200   4.5462  37.5260 645 852  49  50  51  52  50  52  52
11100821   0.0000   9.7017   0.0000   0.0000   0.0000   0.0000  15.1536   0.0000   5.1436 645 852  49  50  51  52  50  52  52
11100900   0.2967  12.5558   0.5113   0.0000   0.8000   0.0000  67.3008  14.8892   5.0770 645 852  49  50  51  52  50  52  52
11100903   0.0000  13.6544   0.0000   0.0000   0.0000   0.0000 109.8480  21.5769   0.0000 645 852  49  50  51  52  50  52  52
11100906   0.0182   4.4944   0.0000   1.6608   0.0000   0.0000  51.1056   8.3492   0.4722 645 852  49  50  51  52  50  52  52
11100909   0.0000  14.9986   0.0833   0.0000   0.0000   0.0000  94.9200  42.0692   0.8998 645 852  49  50  51  52  50  52  52
11100912   0.1511   9.1825   0.0000   0.0000   0.0000   0.0000  21.2160  39.1892   2.4971 645 852  49  50  51  52  50  52  52
11100915   0.1053   5.6006   0.0549   0.0000   0.0753   0.0000   6.8544  55.9523   0.0000 645 852  49  50  51  52  50  52  52
11100918   0.0000   4.0803   0.0000   0.0000   0.0000   0.0000   3.7440  81.8862   1.4196 645 852  49  50  51  52  50  52  52
11100921   0.0000   7.0631   0.8143   0.0000   0.0000   0.0000   2.4816  78.5585   3.8725 645 852  49  50  51  52  50  52  52
11101000   0.3206   8.1586   0.2814   0.0000   0.0376   0.1754  30.0480  39.7800   2.3058 645 852  49  50  51  52  50  52  52
11101003   0.8249   2.3048   5.2730   0.0144   0.9835   0.5400  41.8416  48.3646  40.1419 645 852  49  50  51  52  50  52  52
11101006   0.0215   0.8299   0.3983   0.0000   0.0000   0.0000  15.2208  63.2400  52.6769 645 852  49  50  51  52  50  52  52
11101009   0.8254   3.9296  16.5281   0.0000   0.0000   0.0000  49.5744  67.6569  46.1284 645 852  49  50  51  52  50  52  52
11101012   0.4546   4.7721   1.2718   0.0000   4.8471   0.4292  17.4768   2.4508  45.3276 645 852  49  50  51  52  50  52  52
11101015   0.9518   5.5163   0.0000   0.0240   5.2188   0.9600  46.0752   6.4754  21.8430 645 852  49  50  51  52  50  52  52
11101018   0.0201   2.2082   0.0000   0.0000   0.0000   0.0000  21.3552   0.0462   6.4352 645 852  49  50  51  52  50  52  52
11101021   0.0707  10.0048   0.0000   0.0000   4.4847   0.0000  36.6768  13.4169  14.8002 645 852  49  50  51  52  50  52  52
11101100   0.1648  13.6507   2.3952   0.0000   1.0118   0.0000   9.7200  13.5462  12.3828 645 852  49  50  51  52  50  52  52
11101103   0.4625  14.4304   0.0000   0.0000   0.8000   0.6277  21.7344  18.0185   0.3443 645 852  49  50  51  52  50  52  52
11101106   0.0000  10.8062   0.3221   0.0000   0.0000   0.0000  23.6736  12.9738   1.2649 645 852  49  50  51  52  50  52  52
11101109   0.0000  17.1673   8.2892   0.0000   0.0000   0.0000  25.3632   8.2062   0.1629 645 852  49  50  51  52  50  52  52
11101112   0.2352  12.1516   0.9820   0.0000   0.0000   1.2923  12.9312   0.2815   0.0000 645 852  49  50  51  52  50  52  52
11101115   0.6019  12.5515   0.0633   0.1248   0.0000   1.2000  11.2560   0.0000   7.5472 645 852  49  50  51  52  50  52  52
11101118   0.0000  13.9400   0.0000   0.0000   0.0000   0.0000  15.3840   0.0000  11.2999 645 852  49  50  51  52  50  52  52
11101121   0.0000  21.2871   0.0000   0.0000   0.0000   0.0000   5.0784   0.0000   3.6957 645 852  49  50  51  52  50  52  52
11101200   0.3379  15.7949   4.2893   0.0000   0.2776   0.0000   5.7168   1.5554   2.9583 645 852  49  50  51  52  50  52  52
11101203   0.0169  15.8347   0.1292   0.0000   0.0000   0.1062   6.6768   1.9985   0.0573 645 852  49  50  51  52  50  52  52
11101206   0.0000  24.3986   3.1219   0.0000   0.0000   0.0000  13.5792   0.0000   0.1941 645 852  49  50  51  52  50  52  52
11101209   0.0301  18.1930   1.6743   0.0000   0.0000   0.0000  22.9152   0.0000   0.9007 645 852  49  50  51  52  50  52  52
11101212   4.4977   5.4346   4.3630   0.1392  17.7788   1.5369  15.8640   0.0231   0.0000 645 852  49  50  51  52  50  52  52
11101215   3.8172   3.7166   4.3267   0.0000  10.4847   0.5077  13.3632   0.0369   8.9059 645 852  49  50  51  52  50  52  52
11101218   5.4529   1.1910   0.3504   0.0000   2.9224   0.5585   0.3792   0.0000  16.5454 645 852  49  50  51  52  50  52  52
11101221   7.9077   2.8183   0.0000   0.0000   5.5906   4.6938   0.0000   0.0000  39.2542 645 852  49  50  51  52  50  52  52
11101300   2.2815   6.5645   0.1735   0.0000   9.5435   7.9246   2.3808   0.2908  90.3305 645 852  49  50  51  52  50  52  52
11101303   1.4117   6.5310   0.1501   0.7968   2.3200  14.4415   2.6544   0.0000  97.9447 645 852  49  50  51  52  50  52  52
11101306   0.0223   5.9800   0.0000   0.0000   0.0000   5.0631   0.0000   0.0000  59.9148 645 852  49  50  51  52  50  52  52
11101309   0.9518   2.3510   0.0000   0.0000   0.0000  40.6754   0.0000   0.0000  91.1508 645 852  49  50  51  52  50  52  52
11101312   0.7658   5.6327   0.5685   0.0000   1.5059  18.5492   4.1328   0.0000  43.8046 645 852  49  50  51  52  50  52  52
11101315   1.3276   5.5707   7.6364   0.0000   7.9012   3.2862  10.3776   0.0000   2.1425 645 852  49  50  51  52  50  52  52
11101318   0.0000   6.6321   0.1435   0.0000   2.6918   0.1062   5.9376   0.0000   2.2658 645 852  49  50  51  52  50  52  52
11101321   0.0000   3.3434   0.0000   0.0000   1.1529   0.0000   1.5504   0.0000   0.1282 645 852  49  50  51  52  50  52  52
11101400   0.1425   5.2589   0.0000   0.0000   0.0000   0.5585  11.3712   0.0000   0.0969 645 852  49  50  51  52  50  52  52
11101403   0.4731   6.1910   0.9578   0.0000   1.7976   0.2308  15.6192   0.0000   0.0000 645 852  49  50  51  52  50  52  52
11101406   0.0022   4.8845   0.0000   0.0000   0.1412   0.0277   0.0384   0.0000   0.0000 645 852  49  50  51  52  50  52  52
11101409   0.1686   2.6530   0.0000   0.0000  11.2753   0.3415   0.0000   0.0000   0.0751 645 852  49  50  51  52  50  52  52
11101412   1.8017   8.5028   1.8290   0.0000   6.6824   1.2138   0.6960   0.0000   0.0000 645 852  49  50  51  52  50  52  52
11101415   1.2428  11.2955  11.7226   0.0000   0.0659   0.0000   0.0000   0.0000   0.0000 645 852  49  50  51  52  50  52  52
11101418   0.1455  15.5952   1.5987   0.0000   0.0000   0.7062   0.0000   0.0000   0.0000 645 852  49  50  51  52  50  52  52
11101421   4.1034  19.2344   0.9094   0.0000  10.4047   0.0000   0.0000   0.0000   0.1951 645 852  49  50  51  52  50  52  52
11101500   4.7170  22.6493   0.0000   0.0000  40.0235   0.5215   0.0000   1.9431   0.0000 645 852  49  50  51  52  50  52  52
11101503   5.5227  28.9907   1.2127   0.0000  64.1459   0.0000   0.0000   1.7169   0.0000 645 852  49  50  51  52  50  52  52
11101506   1.3209  33.2318   0.0000   0.0000   0.0000   0.0000   0.0000   0.3046   0.0000 645 852  49  50  51  52  50  52  52
11101509   1.6290  30.6569   0.8838   0.0000   0.0000   0.0000   0.0000   0.1662   0.0000 645 852  49  50  51  52  50  52  52
11101512   3.6726  16.1899   5.3480   0.0000  11.3694   0.4062   0.0000   0.0877   0.0000 645 852  49  50  51  52  50  52  52
11101515   2.2125  13.4915  29.8885   0.0000   5.8494   0.5677   3.6336   0.0000   0.0000 645 852  49  50  51  52  50  52  52
11101518   0.5362  11.4499   1.4216   0.0000  14.4329  37.9246  33.7248   0.0000   0.8304 645 852  49  50  51  52  50  52  52
11101521  19.7105   8.3932   0.0000   0.0000   5.0965 148.6569  23.7168   0.0000   0.0000 645 852  49  50  51  52  50  52  52
11101600  30.2925   8.4361   0.2443   0.0000  56.4094  48.0646   1.6272   0.0046   0.0000 645 852  49  50  51  52  50  52  52
11101603  23.3250   7.6662   0.0000   0.0000  19.2659  38.5385   1.3152   0.0000   0.9013 645 852  49  50  51  52  50  52  52
11101606  27.0147  12.3420   0.0000   0.0000 114.4988  11.7415  14.8992   0.0000   1.1350 645 852  49  50  51  52  50  52  52
11101609  21.5014  14.6682   0.8981   0.0000 103.0071   2.2015   9.9936   0.0000   0.5090 645 852  49  50  51  52  50  52  52
11101612  12.0324  13.0958  10.0384   0.0480  68.2353   0.0000  12.8256   0.0000   0.7796 645 852  49  50  51  52  50  52  52
11101615   2.7524   8.4090   0.8225   0.0768  29.7365   0.0738  25.1088   0.0000   0.7523 645 852  49  50  51  52  50  52  52
11101618   1.2279   2.1876   1.9254   0.4128   4.1741   0.2815  21.8160   0.0000   2.2921 645 852  49  50  51  52  50  52  52
11101621   4.1414   3.8338   0.0000   0.0000   0.0000   8.0262   7.4352   0.0000   0.0000 645 852  49  50  51  52  50  52  52
11101700   2.9198   4.3023   0.0873   0.1152   0.3388   2.8985   1.7952   1.3892   0.0000 645 852  49  50  51  52  50  52  52
11101703   1.5926   2.5346   0.0000   0.0000   0.0141   1.9108   0.2256   0.0000   0.0000 645 852  49  50  51  52  50  52  52
11101706   0.7699   0.0000   0.0000   0.0000   0.0000   0.0000   0.0000   0.0231   0.7577 645 852  49  50  51  52  50  52  52
11101709   0.6642   1.7231   0.4060   0.0000   0.0000   0.6785   0.0000   0.0000   0.6514 645 852  49  50  51  52  50  52  52
11101712   2.5503   4.5715   9.7985   0.0000   7.5859   8.7554   0.0000   0.0277   0.0000 645 852  49  50  51  52  50  52  52
11101715   2.1864   5.3608   3.6753   0.0000   2.3671   9.2631   0.0000   0.0000   0.0000 645 852  49  50  51  52  50  52  52
11101718   0.6642   5.1890   0.2469   0.0000   0.0000   1.5969   0.0000   0.1338   0.2162 645 852  49  50  51  52  50  52  52
11101721   0.1224   0.5073   0.0000   0.0000   2.7529   0.0000   0.0000   0.0000   0.0000 645 852  49  50  51  52  50  52  52
11101800   0.6186   1.2586   0.5320   5.3856   6.5271   0.0046   0.0672   0.0000   0.0000 645 852  49  50  51  52  50  52  52
11101803   0.0100   1.3499   0.0000   0.7392   9.6800   0.0000   0.0000   0.0000   0.0000 645 852  49  50  51  52  50  52  52
11101806   0.0525   3.9442   0.0000   0.0000   1.2282   0.8862   0.0000   0.0877   0.0717 645 852  49  50  51  52  50  52  52
11101809   0.0000  18.9625   1.8579   1.6464  18.2024   0.0000   0.0000   0.0000   0.0000 645 852  49  50  51  52  50  52  52
11101812   4.1849  21.0645   7.4277  13.6176  32.0329   1.5277   0.0000   0.0000   0.0000 645 852  49  50  51  52  50  52  52
11101815   5.2301  25.8577  12.6067   5.7552  35.8541   0.6231   0.1008   0.0000   0.0000 645 852  49  50  51  52  50  52  52
11101818  12.3126  32.9369   1.0803   2.3568  73.4353   0.0185   0.0000   0.0000   0.5475 645 852  49  50  51  52  50  52  52
11101821  19.2197  26.9442   3.0363   8.2080  95.3223   2.1000   0.0000   0.0000   0.0407 645 852  49  50  51  52  50  52  52
11101900  15.8211  18.0707   0.2647   2.4528  16.3153  14.9538   0.9648   0.8123   0.0000 645 852  49  50  51  52  50  52  52
11101903   5.8724  19.9273   0.0000   3.2592   1.3976  26.4185   1.6992   0.0000   0.0000 645 852  49  50  51  52  50  52  52
11101906   3.9159  24.5513   0.0000   1.4352   1.5953  53.2015   1.5888   1.1908   0.0000 645 852  49  50  51  52  50  52  52
11101909   5.6837  18.3899  10.2776  15.0144   0.0000   0.7385   0.0000   0.0000   0.0000 645 852  49  50  51  52  50  52  52
11101912   2.5619   7.6101  16.8337   9.0432   0.4894   0.0000   0.0816   0.0000   0.0000 645 852  49  50  51  52  50  52  52
11101915   1.6756   8.7169  15.5081   0.0288   6.4471   0.7292   1.6464   0.0000   0.0000 645 852  49  50  51  52  50  52  52
11101918   1.5654   4.6992  39.6245   0.0000   0.0000   0.0000   0.0000   0.0000   0.0046 645 852  49  50  51  52  50  52  52
11101921   2.2818   1.4989  24.1485   0.0000   0.0000   0.0000   2.3616   0.0000   0.5927 645 852  49  50  51  52  50  52  52
11102000   5.3710   1.5287   5.9567   4.0176   3.4871   0.0000   0.0720   0.0000   0.0000 645 852  49  50  51  52  50  52  52
11102003   5.9805   3.9817  14.8003   1.0320   9.9906   0.0000   0.0000   0.0000   0.0000 645 852  49  50  51  52  50  52  52
11102006   2.7317   4.4552   7.5259   0.0000   7.2376   1.8231   0.5280   0.0000   1.8288 645 852  49  50  51  52  50  52  52
11102009   4.0905   5.7042  16.2378   0.0000  16.1365   0.0000   6.2976   0.0000   0.0000 645 852  49  50  51  52  50  52  52
11102012   5.2193   8.3944  31.2985   0.0000  29.3694   0.0600   9.8016   0.0000   0.0000 645 852  49  50  51  52  50  52  52
11102015   6.3944   6.8428  16.2954   0.0000  51.6141   0.0000   5.0880   0.0000   0.0000 645 852  49  50  51  52  50  52  52
11102018   7.6669   5.6868   2.1952   0.0000  35.9718   1.0846  19.6320   0.0415   0.5122 645 852  49  50  51  52  50  52  52
11102021  13.8954   3.6386   0.0000   0.0000  83.7459  11.5338   0.9552   0.3323   0.2087 645 852  49  50  51  52  50  52  52
11102100  12.0297   6.0073   2.0177   1.8432  50.7906  43.2046   6.4560   0.4154   0.0000 645 852  49  50  51  52  50  52  52
11102103  12.7190   5.8682   0.2865   6.5424   5.4494  23.7277   7.1232   0.0000   0.0000 645 852  49  50  51  52  50  52  52
11102106   9.9230   4.2921   0.0000   8.4384   6.3435  13.3200   0.8160   0.0000   1.9884 645 852  49  50  51  52  50  52  52
11102109  14.8227   1.2662   9.1197  23.2944   2.9412   1.0754  26.4096   0.0000   0.0000 645 852  49  50  51  52  50  52  52
11102112  15.1535   0.5707  73.2994   3.9888   0.2729   0.4708   9.4560   0.0000   0.0000 645 852  49  50  51  52  50  52  52
11102115  28.4895   1.3101  47.0594   1.5024   0.0000   0.4892   0.0144   0.0000   0.0000 645 852  49  50  51  52  50  52  52
11102118  30.3824   1.6901  30.2084  11.6496   1.6988   5.1600   0.4896   0.0000   0.7612 645 852  49  50  51  52  50  52  52
11102121  41.1400   3.3738  16.6968   3.8976  29.4918   5.6262   5.7888   0.0000   0.0000 645 852  49  50  51  52  50  52  52
11102200  48.7366   4.5254   0.2222   3.7584  51.1059   2.6169  13.3632   0.0000   0.0000 645 852  49  50  51  52  50  52  52
11102203  46.7568   6.4456   0.0000   5.8416  80.2635   0.2400  10.6800   0.0000   3.6026 645 852  49  50  51  52  50  52  52
11102206  49.4564   6.1944   0.2879  13.6704  69.6329   0.0000   4.6560   0.0000   2.1692 645 852  49  50  51  52  50  52  52
11102209  20.4158   8.8085  11.4907  85.3632   2.2965  16.9477   4.4784   0.0000   0.3831 645 852  49  50  51  52  50  52  52
11102212  10.1013   6.7682   1.6540  42.5424   0.1553  29.7415   5.7456   0.0000   0.1402 645 852  49  50  51  52  50  52  52
11102215  13.9576   5.8792   2.1581  31.9248   0.0000  17.2708   7.8288   0.0000  16.4006 645 852  49  50  51  52  50  52  52
11102218  11.2915   3.2290   0.2699  23.8560   0.0000  45.5123   4.9824   0.0000  34.4953 645 852  49  50  51  52  50  52  52
11102221  10.3933   8.8597   4.9859  58.0704   0.0000  14.5615  10.3488   0.6692   0.3867 645 852  49  50  51  52  50  52  52
11102300  10.4041   8.8558   1.0845   2.9808   0.8094   6.3323   1.3968   0.0000   6.6106 645 852  49  50  51  52  50  52  52
11102303  13.6138   8.0763   0.1019   0.0000  14.1129   4.0246   0.1872   0.0000   0.0000 645 852  49  50  51  52  50  52  52
11102306  12.9213   6.8546   0.0000   0.0000   9.0871   2.1000   0.3936   0.0000   0.0000 645 852  49  50  51  52  50  52  52
11102309  20.9325   4.7223  37.3634   3.5424   5.4682  31.5646   0.2304   0.0462   0.0000 645 852  49  50  51  52  50  52  52
11102312  13.2466   6.1397  96.3368   5.8224   0.0000  46.4031   0.0528   0.0000   0.0000 645 852  49  50  51  52  50  52  52
11102315  12.2466   5.3459  33.5571   3.9360   0.9553  18.4708   1.2288   0.0000   0.0000 645 852  49  50  51  52  50  52  52
11102318  14.4306   6.1056   5.6901   0.4224   0.3906   8.1969   0.0000   0.3000   0.0000 645 852  49  50  51  52  50  52  52
11102321  37.0771  13.4206   0.0475   0.5280   7.0259  12.9508   0.3120   0.0646   0.2851 645 852  49  50  51  52  50  52  52
11102400  42.9626  12.7842   0.0000   0.0000  68.8847  15.5769   0.1920   0.0000   0.0000 645 852  49  50  51  52  50  52  52
11102403  43.5803  13.5521   0.5823   4.5216 119.7177  27.3323   0.0000   0.0000   0.3300 645 852  49  50  51  52  50  52  52
11102406  32.9023  10.2634   3.2770   3.7536  74.8565  69.0092   0.0000   0.0000   0.0000 645 852  49  50  51  52  50  52  52
11102409  30.5202  14.9079  52.4416   2.6112  24.0047  56.1046   0.0864   0.0000   0.0000 645 852  49  50  51  52  50  52  52
11102412  17.2612  15.9670  96.0097   3.1824  27.8212  19.9108   0.0000   0.0000   0.0000 645 852  49  50  51  52  50  52  52
11102415  11.4986  18.2028  41.1144   0.0000  14.5694  13.4677   3.4752   0.0000   0.0000 645 852  49  50  51  52  50  52  52
11102418  13.7126  19.4907  12.3372   0.0000   3.7553  24.7015   0.7536   0.0000   0.0000 645 852  49  50  51  52  50  52  52
11102421   9.7562  19.9854   4.6309   4.2576   6.4659  36.5169   0.7632   0.0000   0.0000 645 852  49  50  51  52  50  52  52
11102500  10.9347   4.0476   0.2488   7.7424   0.0000  54.1385   9.2304   0.4846   0.0000 645 852  49  50  51  52  50  52  52
11102503   9.7913   1.6321   0.2477  48.8304   0.0000  50.3031   9.1488   0.9508   0.5760 645 852  49  50  51  52  50  52  52
11102506   9.2644   1.0901   0.0000  44.0688   0.0000  26.1600   0.5616   5.4923   0.0000 645 852  49  50  51  52  50  52  52
11102509  10.5072   0.5989  35.3354   8.1408   0.7576   0.7292   0.0000   3.0462   0.0000 645 852  49  50  51  52  50  52  52
11102512   6.4889   0.7510  33.8344   0.0000   0.0000   0.0000   0.0000   0.0000   0.0000 645 852  49  50  51  52  50  52  52
11102515   8.4088   0.3761  57.4590   2.1120   0.8612   0.2308   0.0816   2.9677   0.0000 645 852  49  50  51  52  50  52  52
11102518   9.4507   0.3042  40.3394   0.8304   0.0000   0.0000   0.0000   9.3646   0.0000 645 852  49  50  51  52  50  52  52
11102521  19.0891   4.1383  25.1050  13.5024  13.4353   4.7538   0.3456  40.6523   0.0000 645 852  49  50  51  52  50  52  52
11102600  28.7907   5.9234   1.7494  28.0704  69.5624   2.2062   0.0672  15.2954   0.0000 645 852  49  50  51  52  50  52  52
11102603  30.7602   6.6896   0.0000  45.4032  44.4753   1.0662   0.0000  12.0646   0.0144 645 852  49  50  51  52  50  52  52
11102606  32.8618  15.4166   2.3124  61.5168  75.4353   1.2877   0.0000  29.4046   0.0000 645 852  49  50  51  52  50  52  52
11102609  31.6651  10.6544   4.9193  72.2784  74.0518   0.0000   1.5792   0.0000   0.4725 645 852  49  50  51  52  50  52  52
11102612  20.3144  10.3572  56.1191  35.1264  13.3929  10.7954   0.4800   0.7477   0.0000 645 852  49  50  51  52  50  52  52
11102615  21.5214  10.2369  45.9113  29.4000   1.4259  22.2092   0.5424   1.4815   0.0000 645 852  49  50  51  52  50  52  52
11102618   8.2340  15.9749   9.4699  27.6624   1.2424  20.2800   2.9664   1.1631   0.0000 645 852  49  50  51  52  50  52  52
11102621  29.7317  31.8008   9.9662  50.4336  15.2376   2.7877  11.3136   1.0523   0.0000 645 852  49  50  51  52  50  52  52
11102700  18.9929  27.2918   5.8254   5.3856  18.4706   2.0769  43.9056   0.0000   0.0000 645 852  49  50  51  52  50  52  52
11102703  14.5082  48.6927   0.4114   4.3824   7.6282   0.0000  64.2288   0.0000   0.0000 645 852  49  50  51  52  50  52  52
11102706  18.7431  33.8496   3.0812  18.9072   2.3718   1.9292  84.2352   0.0000   0.0000 645 852  49  50  51  52  50  52  52
11102709  15.1970  30.0817  17.5235  14.1648  21.0871   0.0000  79.8912   0.0000   0.0000 645 852  49  50  51  52  50  52  52
11102712  11.6694  20.4856  61.6661   1.6752   0.0612  11.8892  28.4976   0.0000   0.0000 645 852  49  50  51  52  50  52  52
11102715  10.3546  18.6096  24.7568   1.5648   2.2635  32.4138  44.7216   0.0000   0.0000 645 852  49  50  51  52  50  52  52
11102718   4.2798  40.7561   1.0854   0.7152   0.5741  58.5785   0.0000   0.0000   0.0000 645 852  49  50  51  52  50  52  52
11102721  14.6009  71.5679   4.0541   0.0000   2.0188 143.6354   5.7216   0.0000   0.0000 645 852  49  50  51  52  50  52  52
11102800  15.7708  39.0499   0.2921   0.0000   3.2565 133.3385  16.9104   0.0000   0.0000 645 852  49  50  51  52  50  52  52
11102803  20.9250  34.5386   0.0000   0.0000   9.7271 125.7738  15.6000   0.0000   0.0624 645 852  49  50  51  52  50  52  52
11102806  27.7924  34.2544   0.0245   0.0624   9.2518  86.1323   7.4928   0.0000   0.0000 645 852  49  50  51  52  50  52  52
11102809  38.7382  37.0828  11.9073   0.0000  44.0518  43.3062   0.6720   0.0000   0.0000 645 852  49  50  51  52  50  52  52
11102812  17.5906  10.8913  46.9641   0.0000  16.7341  15.4246   2.4864   0.0000   0.0000 645 852  49  50  51  52  50  52  52
11102815  25.0256  10.9389  29.9112   2.4672  90.6353  25.0246   0.3600   0.0000   0.3350 645 852  49  50  51  52  50  52  52
11102818  18.4047  10.1555  22.4750   0.0000   5.8682   8.0769   0.0000   0.0000   0.4637 645 852  49  50  51  52  50  52  52
11102821  24.8116   7.9346  21.7144   0.0000   6.5882  59.6077   0.0000   0.0000   0.0000 645 852  49  50  51  52  50  52  52
11102900  26.2270   3.6868   0.5228   3.3024   0.9600   5.8846   0.1152   0.0138   0.0934 645 852  49  50  51  52  50  52  52
11102903  27.8896   1.0344   0.2158   0.0864   0.0000  11.3862   0.0000   0.0000   0.0000 645 852  49  50  51  52  50  52  52
11102906  31.7349   1.2321   4.3608   0.9840   0.0094  31.8462   0.0480   3.0185   0.0000 645 852  49  50  51  52  50  52  52
11102909  35.9305   8.5504   1.9187   0.6528   0.0000  68.8108   0.0000   0.0000   0.0000 645 852  49  50  51  52  50  52  52
11102912   7.9449  17.4251  31.6921   0.0000   0.3953  79.7123   0.0000   0.4708   2.2095 645 852  49  50  51  52  50  52  52
11102915  19.3886  18.6772  28.7999   1.5888   1.0447  65.3769   0.0000   0.0000   0.0000 645 852  49  50  51  52  50  52  52
11102918  21.3546  22.5070  13.8127   0.0000   0.3906  28.0708   0.2064  18.6646   0.0000 645 852  49  50  51  52  50  52  52
11102921  44.7526  23.4828   1.2224   0.0000   6.8471  17.9908   0.0000   0.0000   0.6232 645 852  49  50  51  52  50  52  52
11103000  41.4262  13.6555   3.2853   0.1248   7.2847   2.1092   0.0000   0.0000   0.6530 645 852  49  50  51  52  50  52  52
11103003  38.9485  10.1180   9.8471   7.1568  10.2400   6.8446   0.3648   0.0000  11.8072 645 852  49  50  51  52  50  52  52
11103006  38.7196   4.5890  13.0002  40.3920   4.7341   9.9462   0.0000   4.2185  14.3307 645 852  49  50  51  52  50  52  52
11103009  35.8919   0.9972   5.4811  43.3872   0.0000  21.9000   0.0000   1.4815  15.9508 645 852  49  50  51  52  50  52  52
11103012   8.4616   0.8876  54.7273   6.3744   0.0000  17.1646   0.3552   0.7015  29.0638 645 852  49  50  51  52  50  52  52
11103015   2.3520   1.8377   8.7619  10.3152   0.0000  39.0785   1.2432   0.0000   4.7834 645 852  49  50  51  52  50  52  52
11103018   3.7808   1.1811   6.3983   8.2320   0.4659  24.4569   2.2944   0.2769   0.3178 645 852  49  50  51  52  50  52  52
11103021   1.2621   4.8425   0.0989   0.0000   0.0000  63.9692   0.0000   0.0000   0.1509 645 852  49  50  51  52  50  52  52
11103100   2.9470   5.6873   5.2465   2.2512   0.8847  25.7354   0.0000   0.0000   5.1983 645 852  49  50  51  52  50  52  52
11103103   4.3850   7.3845   5.4544   0.0000  10.6776  22.3246   2.1984   0.0000  12.3544 645 852  49  50  51  52  50  52  52
11103106  11.9572   9.8454   0.2468   0.6336  37.3741  19.6708   0.8832   0.0000  21.1546 645 852  49  50  51  52  50  52  52
11103109  19.4297   4.9099   3.2491  15.6432   4.3765   5.4877   0.0000   0.0000  11.9892 645 852  49  50  51  52  50  52  52
11103112  10.5391   2.0831   8.1237   9.7008   6.6494   0.0000   0.0000   0.0000   0.0000 645 852  49  50  51  52  50  52  52
11103115  12.9652   1.3572  12.0777   3.7152   1.3365   0.0000   0.0000   0.0000   0.1922 645 852  49  50  51  52  50  52  52
11103118   6.9780   4.7690   5.3854   1.7664   0.6400   6.4385   0.0000   6.7754   7.3167 645 852  49  50  51  52  50  52  52
11103121   6.6661   0.0000   2.7686   3.0960   0.0000   0.0000   0.0000   0.0000   7.2382 645 852  49  50  51  52  50  52  52
11110100   7.0948   1.1992  23.3899  31.0080   0.5553  18.5908   0.4416   0.0000  10.6147 645 852  49  50  51  52  50  52  52
11110103   6.1414   0.6121  16.3644   1.9296   5.1012  22.6108   1.7952   0.0000   0.7056 645 852  49  50  51  52  50  52  52
11110106   6.1853   1.1699  16.6063   0.4080   5.9765  14.7000   0.0000   0.1154   1.0651 645 852  49  50  51  52  50  52  52
11110109  12.9822   0.0000  27.4205   0.0000   0.0000   0.0000   0.0000   0.0000   0.6805 645 852  49  50  51  52  50  52  52
11110112  10.7073   0.4983  49.3582   0.9168   0.0000   0.0415   0.5904   0.0000   0.0000 645 852  49  50  51  52  50  52  52
11110115   6.5143   0.2304  29.2298   1.1232   0.8565   0.3000   0.5376   0.0415   0.0000 645 852  49  50  51  52  50  52  52
11110118   2.3048   1.5563   3.2397   0.0000   0.0000   0.0508   0.0000  31.4538   0.0000 645 852  49  50  51  52  50  52  52
11110121   2.3268   0.0606   5.3655   0.9600   0.0000   1.7769   0.0000   0.0000   0.4955 645 852  49  50  51  52  50  52  52
11110200   1.0457   0.2335   0.3891  11.1984   0.0000   0.2585   0.0000   0.0323   0.1757 645 852  49  50  51  52  50  52  52
11110203   0.3743   0.5623   0.0000   0.6720   0.0000   0.0000   0.0000   0.1846   0.0000 645 852  49  50  51  52  50  52  52
11110206   0.0446   0.6485   1.4490   0.0096   0.1976   0.0000   0.4512   1.8185   2.3098 645 852  49  50  51  52  50  52  52
11110209   1.7930   1.3496  16.6490   0.3600   0.0000   0.0000   0.0000   0.0000   0.0000 645 852  49  50  51  52  50  52  52
11110212   4.3345   1.4166   0.0000   7.3968   0.0000   0.0000   0.0000   4.8600   0.1840 645 852  49  50  51  52  50  52  52
11110215   9.0940   1.8899  14.3327   8.7888   2.9741   0.5769   0.8928   1.3523   0.0000 645 852  49  50  51  52  50  52  52
11110218  19.8188   1.7468  39.2221   6.2160   7.5106   1.7354   0.0000   0.0000   0.0000 645 852  49  50  51  52  50  52  52
11110221  22.0826   0.9761  22.2738   4.0080   0.0000   0.4108   0.0000   0.0000   0.0000 645 852  49  50  51  52  50  52  52
11110300   9.0446   2.7158  26.2884   0.0192  23.2047  25.3385   3.9936   0.0000   0.0000 645 852  49  50  51  52  50  52  52
11110303   6.8389   2.5282  30.3221   0.0000  16.9082  26.4277   0.3600   0.0000   0.8192 645 852  49  50  51  52  50  52  52
11110306   3.8107   4.7975   5.2558   0.2640   7.5576  13.1677   5.9424   0.0000   0.0599 645 852  49  50  51  52  50  52  52
11110309   2.6486   3.4034   0.2894   0.2976   0.7435   1.0200   0.1968   0.0000   1.5023 645 852  49  50  51  52  50  52  52
11110312   0.8800   1.1862   2.2297   0.0576   0.6212   0.1708   1.6080   0.0000   0.0000 645 852  49  50  51  52  50  52  52
11110315   0.3516   0.3851   2.6857   0.0288   0.0000   2.9354   6.0480   0.9138   0.5166 645 852  49  50  51  52  50  52  52
11110318   0.3371   0.6414   0.0000   0.0000   0.1600   4.3292   0.0864   0.0000   0.8629 645 852  49  50  51  52  50  52  52
11110321   0.0666   0.2132   0.0000   0.0000   0.0000   0.0415  20.3232   0.0000   5.6670 645 852  49  50  51  52  50  52  52
11110400   0.0342   1.9062   0.4505   0.0000   0.0000   0.0000  43.0560   0.0000   0.2271 645 852  49  50  51  52  50  52  52
11110403   0.1045   2.3977   0.9775   0.0000   0.0000   0.0000  36.8736   0.0000   0.0000 645 852  49  50  51  52  50  52  52
11110406   0.0000   2.7273   0.0000   0.0000   0.0000   0.0646  59.2224   0.0000   1.4566 645 852  49  50  51  52  50  52  52
11110409   0.0000   6.6538   0.0899   0.0000   0.0000   0.0000  97.1520   0.0000   0.0000 645 852  49  50  51  52  50  52  52
11110412   0.0279   2.2262   1.8576   0.3792   0.0000   0.0000  17.2848   0.0000   0.0000 645 852  49  50  51  52  50  52  52
11110415   0.1313   1.9834   4.9217   1.3056   0.0894   0.0000   0.0000   0.9692   0.0000 645 852  49  50  51  52  50  52  52
11110418   0.1678   1.5808   5.4271   2.7456   0.0000   0.0000   1.5696   0.0000   0.0000 645 852  49  50  51  52  50  52  52
11110421   0.0000   1.3566   0.0000  39.3888   0.0000   0.1338   4.3776   5.4369   2.0867 645 852  49  50  51  52  50  52  52
11110500   0.0049   0.1414   0.1572  18.9168   0.0000   0.2077   2.5488   7.2831   0.0000 645 852  49  50  51  52  50  52  52
11110503   0.4560   0.1363   5.5164   0.0624   0.0612   0.2677   0.0000   4.3154   0.0000 645 852  49  50  51  52  50  52  52
11110506   0.5228   0.0000   0.0000   0.2832   0.0000   0.0000   0.0000   0.0000   0.1993 645 852  49  50  51  52  50  52  52
11110509   0.0000   0.0000   5.6207   0.0000   0.0000   0.0000   0.0000   0.0000   0.7740 645 852  49  50  51  52  50  52  52
11110512   0.0630   0.1662  13.7059   0.0960   0.0000   0.0000   0.0000   0.0277   0.0000 645 852  49  50  51  52  50  52  52
11110515   0.1447   0.4504   1.1634   0.0960   0.4000   0.0000   0.1008   0.0000   0.0000 645 852  49  50  51  52  50  52  52
11110518   0.4491   0.0828   0.5773   0.6528   0.0000   0.0000   0.0000   0.0000   0.0000 645 852  49  50  51  52  50  52  52
11110521   0.2017   0.2152   0.0000   0.0000   0.0000   0.0000   3.3600   0.0000   0.3161 645 852  49  50  51  52  50  52  52
11110600   1.9990   1.6820   3.5629   0.0000   0.0000   0.0000   1.6560   1.0338   0.0000 645 852  49  50  51  52  50  52  52
11110603   1.6651   1.7504   1.7441   0.0720   0.0188   0.0231   1.2000   0.0000   0.0000 645 852  49  50  51  52  50  52  52
11110606   1.5249   0.5952   0.4706   0.0000   0.0000   0.0000   0.0000   0.0000   0.0000 645 852  49  50  51  52  50  52  52
11110609   0.1177   2.2101  14.0761   0.0000   0.0000   0.0000   0.0000   0.0000   0.0493 645 852  49  50  51  52  50  52  52
11110612   0.1340   3.8237  54.1196   0.0000   0.0282   0.1708  16.2048   0.0000   0.0000 645 852  49  50  51  52  50  52  52
11110615   0.2518   2.2465  55.8593   0.0000   0.0000   0.0000   9.6960   0.0000   0.0000 645 852  49  50  51  52  50  52  52
11110618   0.0347   2.7837   2.2076   0.0000   0.0000   0.0000  32.6928   0.0000   0.0000 645 852  49  50  51  52  50  52  52
11110621   0.0530   2.9189   2.1009   0.0000   0.0000   0.0000  49.3872  18.6877   0.9752 645 852  49  50  51  52  50  52  52
11110700   0.9544   3.5825   4.4282   0.0000   0.0000   0.0000   9.3504   9.0600   0.0000 645 852  49  50  51  52  50  52  52
11110703   1.7780   1.1586   7.3410   0.0000   0.0000   0.0000   8.7792  29.9215   3.1483 645 852  49  50  51  52  50  52  52
11110706   1.6577   1.0493   0.0000   0.0000   0.0000   0.1892   8.2320   3.0692  12.3691 645 852  49  50  51  52  50  52  52
11110709   0.0372   1.1803  10.6656   0.0000   0.0000   0.0000   0.0000  13.1631  37.6425 645 852  49  50  51  52  50  52  52
11110712   0.6508   4.1101  72.5385   0.0000   0.0000   0.0000   3.8448   0.0000  29.0338 645 852  49  50  51  52  50  52  52
11110715   1.9158   3.1087  57.6321   0.0000   0.0000   0.0000   2.9952   0.0000   0.0000 645 852  49  50  51  52  50  52  52
11110718   4.3622   5.7732  15.8195   0.0000   0.0000   1.0662   3.0000   0.0000   0.0000 645 852  49  50  51  52  50  52  52
11110721   1.7208   1.0101   1.2639   0.0000   0.0000   0.9969   0.0000   0.0000   0.0890 645 852  49  50  51  52  50  52  52
11110800   4.5897   0.8456   4.3183   0.0000   0.1318   5.4877   0.0624   1.5738   0.0000 645 852  49  50  51  52  50  52  52
11110803   8.0392   0.3507  10.4339   0.0000   0.6024   4.1631   3.4176   0.8169  26.8843 645 852  49  50  51  52  50  52  52
11110806   4.0033   0.2580   0.0000   0.0000   0.0000   0.0462   2.5392   0.0000  23.6490 645 852  49  50  51  52  50  52  52
11110809   3.7410   0.6761   0.2499   0.0000   0.0000   0.0000  74.4912   0.0277   6.6280 645 852  49  50  51  52  50  52  52
11110812   1.9554   7.8685   0.6178   0.0720   0.1129   1.3338  69.9312   0.6785  20.4905 645 852  49  50  51  52  50  52  52
11110815   0.0156  12.4251   0.0000   0.0000   0.0000   0.0000  87.3504   0.8446   1.1470 645 852  49  50  51  52  50  52  52
11110818   0.0417  17.2966   0.0000   0.0000   0.0000   0.0415  53.2896   0.0000   0.3432 645 852  49  50  51  52  50  52  52
11110821   1.6722  29.9569   0.0000   0.0000   0.0000   0.7015  49.6752   0.2215   0.5973 645 852  49  50  51  52  50  52  52
11110900   5.1777  21.0310   0.2059  16.9296   1.3129   1.8462  34.1952   0.2308   0.0000 645 852  49  50  51  52  50  52  52
11110903   4.7999  20.9051   0.0966  20.2944   0.0000   1.4354  34.4208   0.3600   5.5483 645 852  49  50  51  52  50  52  52
11110906   2.0160  16.2332   0.0000  31.5360   0.0000   0.5723  44.8752   0.0000  10.6040 645 852  49  50  51  52  50  52  52
11110909   3.2953   6.0769   0.0000   0.0000   0.0000   7.8692  50.8848   0.0000   5.0739 645 852  49  50  51  52  50  52  52
11110912   5.7148   4.7868   1.2179   0.0720   0.7200  25.6708   8.0976   0.9969   8.4084 645 852  49  50  51  52  50  52  52
11110915   6.9284   3.9248   0.0000   0.3264   0.0000  28.5415   0.2496   0.0000  45.8038 645 852  49  50  51  52  50  52  52
11110918   1.9907   2.0625   0.0000   0.0000   0.0000  10.8831   1.7232   0.0000  21.8363 645 852  49  50  51  52  50  52  52
11110921   6.6750   1.7724   0.0000   0.0000   0.0000  78.0185   0.0000   0.0000  12.4050 645 852  49  50  51  52  50  52  52
11111000   8.4394   2.5318   0.0000   0.0144   0.0094  45.6969   5.2800   0.0000   2.8602 645 852  49  50  51  52  50  52  52
11111003   9.5873   1.0169   0.0000   0.0000   0.0000  33.2308   0.0000   0.0000  22.7737 645 852  49  50  51  52  50  52  52
11111006  12.6266   1.0938   0.0000   0.0000   0.0000  41.6446   2.1984   0.0000  19.1143 645 852  49  50  51  52  50  52  52
11111009  11.2067   0.2234   0.3008   0.9744   0.0000  14.2431   0.0000   0.0000  30.4559 645 852  49  50  51  52  50  52  52
11111012   3.9896   1.3437   0.0000   0.8640   4.2871   6.9831   0.3168   0.0000  55.6922 645 852  49  50  51  52  50  52  52
11111015   1.5881   1.6628   0.0839   5.4576   1.7224   4.1446   4.0704   0.4754 128.8954 645 852  49  50  51  52  50  52  52
11111018   0.7792   0.6237   0.0325   0.0000   0.6259   2.3123   2.4672   0.0000  61.8181 645 852  49  50  51  52  50  52  52
11111021   2.1849   1.0665   0.0000   1.0080   6.7624   0.0000   0.0000   0.0000  13.2708 645 852  49  50  51  52  50  52  52
11111100   4.1500   2.4842   0.0278   8.3280   0.0847   5.2154   0.0672   0.4477  28.3691 645 852  49  50  51  52  50  52  52
11111103   3.1170   2.8008   0.0000   1.4976   0.0000   0.5308   0.0000   0.0000  31.8385 645 852  49  50  51  52  50  52  52
11111106   0.9927   0.6251   0.0000   0.0528   0.0000   1.9431   0.0000   0.0000  12.3555 645 852  49  50  51  52  50  52  52
11111109   0.4904   2.4423   0.0000   1.6656   0.0000   0.1938   2.5536   0.4615   0.2192 645 852  49  50  51  52  50  52  52
11111112   3.0746   2.0420   0.0249  10.1856   0.0188  11.4785   0.0000   0.0000   0.8883 645 852  49  50  51  52  50  52  52
11111115   1.0761   3.1318   0.0000   5.3760  12.0424   4.5323   1.4544   0.1200  12.7420 645 852  49  50  51  52  50  52  52
11111118   0.5913   1.0451   0.0000   0.0000  13.6894   0.5677   1.9440   0.0000   8.3463 645 852  49  50  51  52  50  52  52
11111121   0.8674   1.5493   0.0593   8.0448   2.4612   4.1538   0.0000   0.0000   4.7907 645 852  49  50  51  52  50  52  52
11111200   2.9058   4.4862   0.6698   6.5376  12.8847   6.8677   7.2336   0.6231  13.9155 645 852  49  50  51  52  50  52  52
11111203   0.4755   1.9315   0.0000   9.0288  19.6235   0.0000   0.0000   1.4031  51.4772 645 852  49  50  51  52  50  52  52
11111206   0.2720   0.3270   0.0000   0.6624   4.5741   0.0000   0.0000   0.6277  30.4376 645 852  49  50  51  52  50  52  52
11111209   1.9420   0.7231   0.0840  23.8128   1.9765   0.0000   0.0000   2.8754   5.2935 645 852  49  50  51  52  50  52  52
11111212   3.2353   0.6008   0.8599  36.8880   1.3929   0.0000   0.0000  14.4000   0.0000 645 852  49  50  51  52  50  52  52
11111215   1.8820   0.8468   0.0000  21.5424   2.0424   0.0000   0.0384   5.4600   0.4926 645 852  49  50  51  52  50  52  52
11111218   0.0000   0.5890   0.0000  15.0864   8.0424   0.1892   0.0000   3.6000  13.7404 645 852  49  50  51  52  50  52  52
11111221   0.8900   1.7124   0.0000   2.7456   7.5341   0.2262   0.0000   0.9138   8.3001 645 852  49  50  51  52  50  52  52
11111300   2.0279   2.0321   0.8448   8.7792   2.7859   0.6692   0.0000   1.0892   0.0000 645 852  49  50  51  52  50  52  52
11111303   0.5302   0.0000   0.0000   5.2992   0.0000   0.0000   0.0000   0.0000   0.7540 645 852  49  50  51  52  50  52  52
11111306   0.0000   0.0231   0.0000   2.9616   0.0000   0.0000   0.0000   5.3585   0.3731 645 852  49  50  51  52  50  52  52
11111309   1.5557   1.5679   1.3374   0.0000   3.9671   1.8969   0.0000   0.0000   0.0000 645 852  49  50  51  52  50  52  52
11111312   0.6395   0.2389   6.9345   0.0000   2.1882   0.1892   0.0000   0.1015   1.0618 645 852  49  50  51  52  50  52  52
11111315   0.0218   0.1448   3.5069   0.0000   0.0000   0.0000   0.0000   0.0000   0.0000 645 852  49  50  51  52  50  52  52
11111318   0.0102   0.0068   6.0324   0.0000   0.0282   0.0000   0.0000   0.0000   0.0138 645 852  49  50  51  52  50  52  52
11111321   0.7526   1.3000   0.8498   0.0336   0.0000   2.6446   0.0000   0.0000   0.4535 645 852  49  50  51  52  50  52  52
11111400   0.2111   3.2577   0.5502   0.0000   0.0753   0.0692   0.2496   7.1908   0.0000 645 852  49  50  51  52  50  52  52
11111403   0.1857   0.9296   0.0000   0.0000   0.0000   0.0000   0.0000   0.3738   0.2001 645 852  49  50  51  52  50  52  52
11111406   0.0000   0.0918   0.0000   0.0000   0.0000   0.0000   0.0000   0.8400   0.0844 645 852  49  50  51  52  50  52  52
11111409   0.0104   5.4637   0.0796   0.0000   2.6635   0.1431   0.0720  10.7446   0.0000 645 852  49  50  51  52  50  52  52
11111412   0.0561   6.4006   1.3519   0.9360   1.1341   0.0000   0.0000   1.1169   0.0000 645 852  49  50  51  52  50  52  52
11111415   0.1789   7.7448   3.4363   0.0000   0.0000   0.1246   7.8576   2.0631   0.0000 645 852  49  50  51  52  50  52  52
11111418   0.4004   2.1949   8.9466   0.0000   0.0000   0.0000   1.4976   0.0000   0.0000 645 852  49  50  51  52  50  52  52
11111421   1.6520   4.3166   2.9131   0.8544   0.0000   0.7615   9.2592   2.5662   0.0000 645 852  49  50  51  52  50  52  52
11111500   0.2835   3.9645   0.0000   0.0000   0.0329   0.0000   8.2272   0.0000   0.0000 645 852  49  50  51  52  50  52  52
11111503   0.0283   3.6062   0.0000   0.0384   0.0000   0.0462   9.6480   0.0000   0.0000 645 852  49  50  51  52  50  52  52
11111506   0.0000   1.2417   0.0000   0.0000   0.0000   0.0000   4.7760   0.0000   0.5904 645 852  49  50  51  52  50  52  52
11111509   0.2966   3.6273   0.4196   1.5888   0.0565   0.0000   8.5152   1.6615   1.9392 645 852  49  50  51  52  50  52  52
11111512   0.6768   4.3135   9.6816   0.0000   1.7035   0.5446  13.1952   0.0000   0.3244 645 852  49  50  51  52  50  52  52
11111515   1.2994   4.1228  36.1208   0.0000   0.0000   0.0000  16.4736   0.0000   0.0000 645 852  49  50  51  52  50  52  52
11111518   1.4515   4.9927  24.4805   0.0000   0.7482   0.0000  45.6768   0.0000   0.9308 645 852  49  50  51  52  50  52  52
11111521   0.6463  11.8192   0.3785   0.0000   4.8659   0.0000  88.7952   3.8123   2.6971 645 852  49  50  51  52  50  52  52
11111600   0.0528  16.1563   0.1997   0.0000   0.0000   0.0000 158.3808   0.7108   0.5023 645 852  49  50  51  52  50  52  52
11111603   0.2225  14.4983   0.2135   0.2592   1.1341   0.0000  82.0416   0.6738   6.8370 645 852  49  50  51  52  50  52  52
11111606   0.0000   7.7380   0.0000   0.0000   0.0000   0.0000  28.8912   0.0738   8.0215 645 852  49  50  51  52  50  52  52
11111609   2.2058   9.4389   2.6410   0.7584   1.3271   0.0000  19.5408   0.0000   7.9796 645 852  49  50  51  52  50  52  52
11111612   0.4093   7.8248   0.8378   0.3936   1.6047   0.0000   0.0000   0.0000   5.0842 645 852  49  50  51  52  50  52  52
11111615   0.0041   4.7966   0.0000   0.0000   0.0800   0.0000   0.1152   1.7769   1.1884 645 852  49  50  51  52  50  52  52
11111618   0.0000   4.0124   0.0000   0.0000   0.0000   0.0000   0.3312   0.5031   0.7557 645 852  49  50  51  52  50  52  52
11111621   0.9447   5.9468   0.0000   0.1488   6.8988   0.6692   0.6096   0.8677  10.4657 645 852  49  50  51  52  50  52  52
11111700   1.7085   7.2284   0.5321   0.8832  11.9953   0.0554   2.0880   0.0000  29.7605 645 852  49  50  51  52  50  52  52
11111703   1.9226   7.8654   0.6255   0.0624   1.6753   0.2862   0.9504   0.0000  24.4227 645 852  49  50  51  52  50  52  52
11111706   2.7211   6.0541   0.0000   1.9248   0.0000   0.0000   1.1520   0.6462  84.5341 645 852  49  50  51  52  50  52  52
11111709   6.1276   8.3794   0.0000   2.0976   2.3859   3.4754   2.9088   0.5954  57.8850 645 852  49  50  51  52  50  52  52
11111712   7.0077   4.6200  32.6256  15.7824   0.1929   8.0954   0.0000   0.0000  58.2573 645 852  49  50  51  52  50  52  52
11111715   7.3342   3.7273  35.5424   5.0304   6.2447   3.4569   0.0000   0.0323  28.1225 645 852  49  50  51  52  50  52  52
11111718  11.6957   7.4521  85.4352   5.5248  19.3882  37.2646   0.0000   0.0000  10.0129 645 852  49  50  51  52  50  52  52
11111721  15.4015   8.1944  25.5540   0.3024  41.8729  30.1338   2.3808   0.0000  21.1302 645 852  49  50  51  52  50  52  52
11111800  12.5584  14.3600   6.6106   8.3568  43.5812   2.1785  15.4656   0.0000  18.7874 645 852  49  50  51  52  50  52  52
11111803   8.9060  13.3208   0.4396   8.7408  47.8400   0.1523   4.3776   0.0000   5.4832 645 852  49  50  51  52  50  52  52
11111806   4.0127  13.0670   0.0000   0.1968  29.3459   0.4062   2.1360   2.4554   0.0000 645 852  49  50  51  52  50  52  52
11111809   7.0936  14.8301   0.0000   0.2496  49.3506   0.0000   0.0000   0.0000   0.1191 645 852  49  50  51  52  50  52  52
11111812   4.3556   8.3096  49.9211   0.8112  31.5859   0.0462   0.7344   1.0015   1.5515 645 852  49  50  51  52  50  52  52
11111815   4.7806   5.2803  65.6157   0.1344  14.2447   0.0000   0.0816   2.0538   0.0000 645 852  49  50  51  52  50  52  52
11111818   3.4377   3.6056   6.0326   0.0912   4.9082   0.1154   2.6544   0.0000   0.1281 645 852  49  50  51  52  50  52  52
11111821   1.9454   6.6056   1.1009   0.0000   0.7435   1.6154   3.0048  12.6969   0.2519 645 852  49  50  51  52  50  52  52
11111900   0.9611   5.3870   0.0000   0.0000   0.7576   6.6231   0.0816  17.7600   0.0000 645 852  49  50  51  52  50  52  52
11111903   0.5470   4.3454   0.1567   0.2592   0.0000   4.5969   2.2224  21.4938  34.9584 645 852  49  50  51  52  50  52  52
11111906   0.1738   5.2203   0.0000   0.0000   0.0000   0.3185   0.0000   6.7938  30.4126 645 852  49  50  51  52  50  52  52
11111909   0.8722   5.8662   1.4752   1.9440   0.0000   0.0969   0.7200   0.0000   0.0000 645 852  49  50  51  52  50  52  52
11111912   0.7910   3.4172  28.3328   0.1776   0.0000   0.4800   2.6352   0.0000   0.0000 645 852  49  50  51  52  50  52  52
11111915   6.1572   2.6031  32.0081   0.6672   0.1082   0.0000   6.0960   1.1123   0.0588 645 852  49  50  51  52  50  52  52
11111918   5.9512  11.5009  12.5604   0.3840   0.7435   0.0185  10.1712   6.0462   0.0000 645 852  49  50  51  52  50  52  52
11111921   4.7730  12.5473  11.0683   0.0528   0.0000   0.0000  31.4112   1.1538   0.0000 645 852  49  50  51  52  50  52  52
11112000   1.4067  17.0622   4.6139  28.6608   0.0000   0.1523  27.4608   0.2446   0.0000 645 852  49  50  51  52  50  52  52
11112003   2.6050  13.7324   8.8790   3.4128   0.0000   0.1385   9.9120   0.0000   0.2598 645 852  49  50  51  52  50  52  52
11112006   8.8513  28.4366   0.1826  21.2496   2.3153   5.4646  10.6944   0.0000   3.0011 645 852  49  50  51  52  50  52  52
11112009  18.9571  15.8423   0.2354  31.1616   0.0000   2.2662   0.0000   0.1985   0.0000 645 852  49  50  51  52  50  52  52
11112012  19.1479   2.8206   0.0000  48.0288   0.1929  15.8677   0.0000   0.0000   0.0000 645 852  49  50  51  52  50  52  52
11112015  20.9580   3.3732   1.6898  35.8560   0.0000   1.2185   0.1728   0.0000   0.8278 645 852  49  50  51  52  50  52  52
11112018  20.7903   3.1259  13.4133  29.3136   0.0000  10.7538   3.8544   0.0000   0.0000 645 852  49  50  51  52  50  52  52
11112021  20.3450   2.1696   0.3585  17.6112   0.0000  11.1738   5.2992   0.0000   0.0000 645 852  49  50  51  52  50  52  52
11112100  19.0876   5.6183   1.4181  31.3440  11.0353   4.0523  27.1824   0.0000   1.3777 645 852  49  50  51  52  50  52  52
11112103  16.8435   2.8355   5.4314   2.8464  22.6353   2.9215  27.4704   0.0000  10.4168 645 852  49  50  51  52  50  52  52
11112106  12.5057   4.9453   2.8328   1.5984  13.1765   1.0662  15.7392   0.0000  47.0455 645 852  49  50  51  52  50  52  52
11112109  15.2512   3.7414  11.9712   4.3056   3.0729   0.0000  11.3232   0.0000  67.6538 645 852  49  50  51  52  50  52  52
11112112   8.0746   3.5172   9.9718   0.0000   4.6400   0.3969   0.0000   0.0000   0.3831 645 852  49  50  51  52  50  52  52
11112115   2.4886   3.0003   0.0000   0.0000   0.2588   0.5446   2.7552   0.0000   0.0000 645 852  49  50  51  52  50  52  52
11112118   2.4263   4.2194   4.1869   0.4656   0.0000   2.6215   1.4448   0.0000   0.0000 645 852  49  50  51  52  50  52  52
11112121   1.2127   9.4777  10.9854   0.0000   0.7012  11.0769   0.0000   0.0000   0.0000 645 852  49  50  51  52  50  52  52
11112200   2.5741  14.4825   0.5322   0.2496   0.3624  20.7231   0.0000   0.0000   0.0905 645 852  49  50  51  52  50  52  52
11112203   5.6287  15.8513   0.0000   0.0000   1.5529  56.5062   0.0000   0.0000   1.1306 645 852  49  50  51  52  50  52  52
11112206   4.7230  10.3893   0.5693   0.5328   0.2918  30.0692   0.0000   0.0092  13.0343 645 852  49  50  51  52  50  52  52
11112209   6.4223   7.9208   1.0282   9.8064   8.9741   4.5185   0.0000   0.0000   9.6147 645 852  49  50  51  52  50  52  52
11112212   8.5935   5.2662   0.1745  33.7488   1.8447   0.3646   2.6736   0.0000   1.8993 645 852  49  50  51  52  50  52  52
11112215   6.6215   2.6073   3.1561  39.2208   0.3765   1.6292   0.0000   0.0000   0.0000 645 852  49  50  51  52  50  52  52
11112218   3.0540   6.5507   8.0229  33.3072  13.5059   0.0000   6.5712   0.0000   0.0000 645 852  49  50  51  52  50  52  52
11112221   9.6003  15.6501   9.3952   1.6560  36.0800   0.2262   6.0048   0.0000   1.9945 645 852  49  50  51  52  50  52  52
11112300   8.5041  18.8845   2.4819  14.0736  50.8706   0.8954   6.0528   0.0000  12.4656 645 852  49  50  51  52  50  52  52
11112303  13.4363  15.9462   0.0000  23.8080  55.4823   0.8769   3.5328   0.1385  84.2752 645 852  49  50  51  52  50  52  52
11112306  15.7220  10.7738   4.8447  23.3664  43.0965   1.0062   0.0000   0.0000  58.1464 645 852  49  50  51  52  50  52  52
11112309  25.8556  15.9778   3.8634   1.6464  70.5694   0.8446   1.2048   0.0000   5.8563 645 852  49  50  51  52  50  52  52
11112312  34.3527  14.0090   4.5329   3.0192  56.9365   1.6062  13.7280   0.3185   7.3503 645 852  49  50  51  52  50  52  52
11112315  41.5934  21.7724  11.8738   7.1520  53.4776   2.2938   0.0000   0.0000   1.4607 645 852  49  50  51  52  50  52  52
11112318  42.0241  22.1913   5.1670  25.1520  27.3600   8.1738   2.3664   0.6738   5.9313 645 852  49  50  51  52  50  52  52
11112321  58.3687  29.0146   0.0477  92.1264  43.7741   5.9123   0.0000   0.0000   1.6354 645 852  49  50  51  52  50  52  52
11112400  47.2223  29.3687   1.9663 128.8368   3.3976  16.7123   0.3696   1.4400   7.9185 645 852  49  50  51  52  50  52  52
11112403  40.3727  29.6408   0.1650  63.9264   3.4353  26.9908   0.1056   1.0800   5.2608 645 852  49  50  51  52  50  52  52
11112406  49.3258  30.7485   0.8780  67.3872   3.9953  22.1677   1.2096   0.0277   2.9059 645 852  49  50  51  52  50  52  52
11112409  52.2084  35.8448  14.6881  45.4800   0.9082  62.0123   0.0000   0.0000   4.0991 645 852  49  50  51  52  50  52  52
11112412  53.3965  17.5997  51.7221   5.5488  15.1106  76.9431   0.4080   3.5538   0.0000 645 852  49  50  51  52  50  52  52
11112415 103.2051  14.9935  16.8482   7.4352  40.0612  44.5154   1.0992   0.0000   0.0000 645 852  49  50  51  52  50  52  52
11112418 113.1596  18.0403   6.8443  14.8992  28.0706  77.1785   1.6464  13.4723   0.0000 645 852  49  50  51  52  50  52  52
11112421  72.8510  25.3124   6.8376  65.4864   0.2118  79.8277  19.4112   8.0492   0.0000 645 852  49  50  51  52  50  52  52
11112500  33.4247  25.6693   9.2200   9.3408   5.1106  59.1231  49.2864  13.2738   0.2040 645 852  49  50  51  52  50  52  52
11112503  31.2088  22.1617  17.8331  14.5584   0.6165  79.4308  13.9968   7.6615   0.0000 645 852  49  50  51  52  50  52  52
11112506  39.2856  28.4811  30.7915  20.5488   0.5271  88.6154   4.0560   7.5092   0.0000 645 852  49  50  51  52  50  52  52
11112509  41.8088  29.3532  28.5042  61.1472  15.4118  78.0923   6.5952   7.4308   0.0000 645 852  49  50  51  52  50  52  52
11112512  15.3903   8.8614   3.1168   0.3456   2.6353  47.4600   0.0000  17.4231   0.0000 645 852  49  50  51  52  50  52  52
11112515   9.6171   6.2479   5.1484   1.0704   3.4165  20.2615   0.0000   9.1892   0.1846 645 852  49  50  51  52  50  52  52
11112518  13.1456   5.7608   8.4523  11.2656   0.0000  53.4185   0.1728  15.1569   0.0000 645 852  49  50  51  52  50  52  52
11112521  11.1843   1.8541   9.2732   0.0000   1.4400   3.1062   0.0000   5.8246   0.3535 645 852  49  50  51  52  50  52  52
11112600  11.6420   0.9200   5.9214   0.0192   6.7153   0.5123   0.5280   8.9631   0.0000 645 852  49  50  51  52  50  52  52
11112603   6.6234   0.9459  10.6107   0.0000   0.3341   0.1154   0.0000   2.0862   0.5819 645 852  49  50  51  52  50  52  52
11112606   8.1053   1.2470   4.2539   0.0000   0.7059   2.8985   0.0000   3.5538   5.0634 645 852  49  50  51  52  50  52  52
11112609   6.2951   2.7000   5.5731   0.0000  18.3576   0.1938   0.0000   0.0000   1.1808 645 852  49  50  51  52  50  52  52
11112612   9.4552   8.9769   6.3337   0.0000  28.1741   2.4738   0.4512   0.0000   2.1324 645 852  49  50  51  52  50  52  52
11112615  14.3717  14.5144   0.0324   0.0000  14.3106   9.5031   0.6960   0.6000  29.5784 645 852  49  50  51  52  50  52  52
11112618  25.0218  21.7355  28.0447   0.0000  27.6471  20.3400   0.0000   0.2723  18.6361 645 852  49  50  51  52  50  52  52
11112621  27.4799  20.5284  15.7720   8.0976  21.2800   1.7908   0.0000   0.0000   4.9498 645 852  49  50  51  52  50  52  52
11112700  40.2736  11.3535  25.3583  10.2720  42.8329   1.8554   0.0672   0.0000   0.3530 645 852  49  50  51  52  50  52  52
11112703  42.0933   8.3524   5.8990   3.0000  84.4706   1.7538   0.6096   0.1938  19.2021 645 852  49  50  51  52  50  52  52
11112706  46.8703  23.2496   0.6351  33.3504  41.7271   1.6246   8.3088  27.7477   9.0767 645 852  49  50  51  52  50  52  52
11112709  35.1470  14.6296   2.6008   6.1488   2.6494   3.3692   0.0000  28.1954   0.2081 645 852  49  50  51  52  50  52  52
11112712  19.2749  15.0352  41.5281  88.3584   2.1082   3.1385   0.7776  12.0046   0.6465 645 852  49  50  51  52  50  52  52
11112715  14.5779  16.8710  13.2618  26.5296  17.3788  25.3108   0.1920   1.7492   0.0000 645 852  49  50  51  52  50  52  52
11112718  23.6121  22.6676  10.3213  27.8592  21.3929  50.3308   1.4832  22.0985   0.0753 645 852  49  50  51  52  50  52  52
11112721  27.0369  40.8733   1.3647   0.7776  28.9647  68.7277   0.0000  24.5723   0.1552 645 852  49  50  51  52  50  52  52
11112800  23.6816  37.2344  15.3581   0.4560   0.5082  56.2200   0.5328  47.6031   0.0000 645 852  49  50  51  52  50  52  52
11112803  18.6395  53.1806   3.9123   0.3072   6.1176  86.9907   2.4192  35.4138   0.0000 645 852  49  50  51  52  50  52  52
11112806  19.0244  63.0244   1.8720   0.0000   0.0000  64.1400   6.6816  45.0923   0.0000 645 852  49  50  51  52  50  52  52
11112809  14.2246  55.5104   9.0506   0.5664   3.6800  57.2031  25.9632  64.4492   0.0498 645 852  49  50  51  52  50  52  52
11112812  11.6647  33.2628   0.0000   0.7728   0.1788  25.5323  16.5216  48.6462   0.0000 645 852  49  50  51  52  50  52  52
11112815  13.9795  33.1448   0.0000   4.1328   0.1224  15.0415  13.1808  79.5877   0.0000 645 852  49  50  51  52  50  52  52
11112818  17.3388  59.3251   0.0000  22.3248  43.0588  23.9308  26.5440 137.7507   0.0000 645 852  49  50  51  52  50  52  52
11112821  16.9261  46.3197   0.0000   0.0000  16.5082  43.7585  60.9504 114.0092   3.6389 645 852  49  50  51  52  50  52  52
11112900   3.4835  22.4591   0.0000   1.1472   2.2682   0.0277  66.2352  45.6046   4.8075 645 852  49  50  51  52  50  52  52
11112903   1.9390  21.0648   0.0000   0.0768   0.0471   0.6046  50.8848  56.0123   1.8290 645 852  49  50  51  52  50  52  52
11112906   1.3738  24.3659   0.0000   0.0000   0.0000   4.1908 101.3568  43.4308   1.1945 645 852  49  50  51  52  50  52  52
11112909   0.0543   4.9566   0.0000   0.0000   0.0000   4.8369  34.0848  39.1569   0.0000 645 852  49  50  51  52  50  52  52
11112912   0.2703   1.8014   5.4942   0.0000   0.1882   0.5169   6.9168  12.2077   0.0000 645 852  49  50  51  52  50  52  52
11112915   0.2084   1.5361   0.4699   0.0000   0.5129   0.6923   8.6352   1.5369   0.0000 645 852  49  50  51  52  50  52  52
11112918   2.1447   3.8468   0.4718   0.0432   0.5600  21.7385  13.8096   6.8123   0.0000 645 852  49  50  51  52  50  52  52
11112921   0.0709   1.2910   0.5462   0.0000   0.0000   0.0000   2.6448   0.0000   0.0000 645 852  49  50  51  52  50  52  52
11113000   3.0213   1.3127   2.9761   0.0000   0.0000   0.0000   1.3632   0.0969   0.0000 645 852  49  50  51  52  50  52  52
11113003   3.8944   0.1251   1.3340   0.0000   0.0000   1.1769   1.5168   0.5585   1.0185 645 852  49  50  51  52  50  52  52
11113006  10.4785   1.5673   3.0681   0.0000   0.0000  33.1292   0.8880   0.0000   0.0000 645 852  49  50  51  52  50  52  52
11113009   7.1136   0.0346  13.9026   0.0000   0.0000  14.1462   2.6976   0.4662   0.3985 645 852  49  50  51  52  50  52  52
11113012   4.7402   0.0814  14.8947   0.0000   0.0000   8.2708   0.4896   0.5492   0.0000 645 852  49  50  51  52  50  52  52
11113015   6.6705   0.6549   5.5437   0.8496   0.0000   4.3015   2.0400   0.7985   0.0000 645 852  49  50  51  52  50  52  52
11113018   5.9189   0.8493   5.7177   1.7904   0.0000   5.6354   0.0000   0.8723   0.0000 645 852  49  50  51  52  50  52  52
11113021   2.2121   0.1025   0.0000   0.0000   0.0000   0.0000   0.0000   0.0000   0.0646 645 852  49  50  51  52  50  52  52
11120100   0.6225   0.2307   0.0000   5.8704   0.0000   0.0000   0.0000   0.0277   0.0000 645 852  49  50  51  52  50  52  52
11120103   0.7914   0.1645   0.0000   0.0000   0.0000   0.0000   0.0000   0.0000   4.4055 645 852  49  50  51  52  50  52  52
11120106   1.1572   0.0454   0.1054   1.1856   0.0000   4.2831   0.0096   0.0000   2.1709 645 852  49  50  51  52  50  52  52
11120109   0.2158   0.1200   0.0000   0.0000   0.0000   0.0000   8.7696   0.0000   0.2214 645 852  49  50  51  52  50  52  52
11120112   0.5104   2.6913   9.6247   0.0192   0.0047   0.1938  19.0656   0.1246   0.0000 645 852  49  50  51  52  50  52  52
11120115   0.9828   0.8724  10.3863   0.0096   0.0000   0.0000  11.5872   0.0000   0.0000 645 852  49  50  51  52  50  52  52
11120118   1.2811   4.3132   1.2743   0.0000   4.8000   2.3908  39.5280   0.0000   0.0000 645 852  49  50  51  52  50  52  52
11120121   5.6588   3.5124   0.0686   0.0000   0.0000   0.0554  95.3904   0.0000   0.1846 645 852  49  50  51  52  50  52  52
11120200   5.5866   3.5961   0.0000   0.1824   7.8071   0.0000  16.6560   0.4800   0.5989 645 852  49  50  51  52  50  52  52
11120203   2.2355   1.7769   0.0000   0.0000   0.1741   0.0000   5.0784  22.9754   2.2352 645 852  49  50  51  52  50  52  52
11120206   2.1998   2.3811   0.0000   0.0000   0.0000   0.1246   8.6496   3.7200  10.6104 645 852  49  50  51  52  50  52  52
11120209   0.1057   0.0000   2.9300   0.0000   0.0000   0.0000   0.0000   0.0000   0.0000 645 852  49  50  51  52  50  52  52
11120212   0.2936   0.1290   0.5654   2.8032   0.7624   0.2815   5.3952   0.3692   0.0000 645 852  49  50  51  52  50  52  52
11120215   0.1232   0.6713   0.2579   0.0000   0.0000   0.0000   8.4384   1.0985   0.0000 645 852  49  50  51  52  50  52  52
11120218   0.0845   4.3837   0.0662   0.0624   0.0000   0.1708   8.3472  22.9615   0.1785 645 852  49  50  51  52  50  52  52
11120221   0.0108   3.7648   0.0000   0.0000   2.9741  10.5138   4.7424  11.3400   0.0000 645 852  49  50  51  52  50  52  52
11120300   0.2233   2.4532   0.0000   0.0480  14.4847  10.0062   2.8368   3.8769   0.0000 645 852  49  50  51  52  50  52  52
11120303   0.0242   1.9786   0.0000   0.0000   5.4871   0.0000   0.4512   0.6231   0.0000 645 852  49  50  51  52  50  52  52
11120306   0.0342   1.2501   0.0000   0.0000   0.0000   0.9831   0.0000   2.3631   0.0000 645 852  49  50  51  52  50  52  52
11120309   0.0000   1.0296   0.0000   0.0000   0.0000   0.0000   1.6752   0.0000   0.0000 645 852  49  50  51  52  50  52  52
11120312   0.2143   1.5293   0.2240   1.4064   0.2918   1.0800   5.0736   0.4985   0.0000 645 852  49  50  51  52  50  52  52
11120315   0.2236   0.5597   0.0000   0.0000   2.2494   0.0000   5.2176   0.0000   0.0000 645 852  49  50  51  52  50  52  52
11120318   0.0130   4.5820   0.0000   0.0000   0.0000   0.0000   4.5216   8.5200   0.0000 645 852  49  50  51  52  50  52  52
11120321   0.5585   1.2304   0.0000   0.8832   0.0000   0.0000   0.0000   2.3723   0.0000 645 852  49  50  51  52  50  52  52
11120400   0.8882   1.1696   0.0000   2.1024   3.2800   0.0000   1.7040   2.6446   0.0000 645 852  49  50  51  52  50  52  52
11120403   0.1087   0.3701   0.0000   0.0000   0.0329   0.0000   2.4384   0.0000   0.0467 645 852  49  50  51  52  50  52  52
11120406   0.0000   0.1299   0.0000   0.0000   0.0000   0.0000   0.0000   1.6108   0.0395 645 852  49  50  51  52  50  52  52
11120409   0.0000   0.3087   3.3653   0.0000   0.0000   0.0000   0.6144   1.2046   0.0000 645 852  49  50  51  52  50  52  52
11120412   0.2173   1.3093   0.9044   0.0576   0.6447   0.0000   0.5568   1.4308   0.0000 645 852  49  50  51  52  50  52  52
11120415   0.1228   0.9276   0.4258   0.0000   0.0000   0.0000   0.5424   1.2185   0.0000 645 852  49  50  51  52  50  52  52
11120418   0.0015   2.8355   0.0000   0.0000   0.0000   0.0185   0.1200   3.5215   0.8412 645 852  49  50  51  52  50  52  52
11120421   2.0469   3.0223   0.0000   0.0000   0.0000   1.6062   0.0000   0.2169   0.5648 645 852  49  50  51  52  50  52  52
11120500   3.1556   1.7476   0.0727   6.1200   2.3765   0.4154   0.2064   0.0000   0.0000 645 852  49  50  51  52  50  52  52
11120503   0.9872   1.9741   0.0000   0.0000   0.0000   0.7154   0.0000   0.0000   0.0000 645 852  49  50  51  52  50  52  52
11120506   0.1332   3.1406   0.0000   0.0000   0.0000   0.0000   0.2592   0.0000   0.0247 645 852  49  50  51  52  50  52  52
11120509   0.2009   0.2268   0.0000   0.0000   0.0000   0.0000   0.0000   0.0000   0.7027 645 852  49  50  51  52  50  52  52
11120512   0.5046   0.8527   1.3386   0.0432   0.0000   0.0277   0.9888   1.1815   0.0000 645 852  49  50  51  52  50  52  52
11120515   0.1841   0.3724   4.7624   0.0000   0.0000   0.1108   1.6416  11.9262   0.0000 645 852  49  50  51  52  50  52  52
11120518   0.0492   0.1879   0.6815   0.0000   0.0000   0.0000   0.0000  17.2385   0.6586 645 852  49  50  51  52  50  52  52
11120521   0.2222   0.6659   0.7609   0.0000   0.0000   0.0000   0.0000  85.0523   0.6053 645 852  49  50  51  52  50  52  52
11120600   0.1785   2.6913   0.0521   0.5280   0.6541   0.3923   0.3696  85.3939   0.0000 645 852  49  50  51  52  50  52  52
11120603   0.0000   5.0237   0.0000   0.0000   0.0000   0.0000   0.0000  60.5031   0.8293 645 852  49  50  51  52  50  52  52
11120606   0.0000   8.0845   0.0000   0.0000   0.0000   0.0000   0.0000   9.0508   0.0000 645 852  49  50  51  52  50  52  52
11120609   0.6188   5.8704   3.5890   0.0336   0.0000   0.6646   1.6944  11.4692   0.0000 645 852  49  50  51  52  50  52  52
11120612   0.4636   1.3270   0.0000   1.2624   1.0071   0.0000  15.7536  31.4215   0.0000 645 852  49  50  51  52  50  52  52
11120615   0.5367   1.8927   1.8303   1.4736   0.3576   0.0000  16.7568  58.9938   0.0000 645 852  49  50  51  52  50  52  52
11120618   0.2111   2.5673   1.2537   0.0000   0.0000   0.0000   3.0096  66.7385   0.0798 645 852  49  50  51  52  50  52  52
11120621   0.5721   7.8958   0.2011   0.0000   0.0000   0.2077  12.7968  21.7892   0.0000 645 852  49  50  51  52  50  52  52
11120700   0.8578  11.5259   1.5030   3.3168   0.0000   0.0000  20.9088  22.6800   6.5706 645 852  49  50  51  52  50  52  52
11120703   0.2716  17.2977   0.0000   0.8208   0.0000   0.0000  35.0976   3.2538   3.5527 645 852  49  50  51  52  50  52  52
11120706   0.2400  13.6389   0.0000   0.4608   0.0000   0.0000  58.1376   0.9415   0.7887 645 852  49  50  51  52  50  52  52
11120709   3.6365   2.4504   0.2264   0.0000   0.0000   0.0000  23.0400   0.0369   1.3103 645 852  49  50  51  52  50  52  52
11120712   7.0746   0.6166   0.0189   8.0112   0.0000   5.7138   0.8400   1.4492   0.0000 645 852  49  50  51  52  50  52  52
11120715   6.3684   0.0563   0.0000   9.6816   0.0000   3.7477   0.0000   0.0000   0.0000 645 852  49  50  51  52  50  52  52
11120718   4.3304   0.0882   0.0000   5.1984   0.0000   0.8908   0.6576   0.9969   0.3691 645 852  49  50  51  52  50  52  52
11120721  15.0794   0.3797   0.0000   3.3792  13.4541   0.0000   2.3280   2.4692   0.0988 645 852  49  50  51  52  50  52  52
11120800  16.3747   0.5504   0.0000   6.3360  10.9365   3.1754   0.0000   4.4954   0.0000 645 852  49  50  51  52  50  52  52
11120803  15.4143   0.2332   0.0000   3.1008  16.8941   0.0000   0.0000   0.0000   2.4291 645 852  49  50  51  52  50  52  52
11120806  14.0997   0.0656   0.0000   0.0000  20.9129   0.3600   0.0000   1.4908   5.7845 645 852  49  50  51  52  50  52  52
11120809  11.5326   1.4355   0.0984   2.5776  44.6824   0.0000   0.0000   2.0677   1.9150 645 852  49  50  51  52  50  52  52
11120812   9.4835   0.8552   1.7580   9.3888  45.3553   0.2262   0.0240   0.0000   0.4706 645 852  49  50  51  52  50  52  52
11120815   8.5293   0.3879   1.1426  17.1888  10.7859   0.0000   0.0000   0.0000  13.6898 645 852  49  50  51  52  50  52  52
11120818   8.4380   0.3665   0.0000  24.5424   8.8659   0.0000   0.0000   0.0000  22.5829 645 852  49  50  51  52  50  52  52
11120821   9.5687   0.3808   0.0000  34.9968  10.1600   0.5400   0.0096   0.0092   5.6373 645 852  49  50  51  52  50  52  52
11120900  10.7602   0.0144   0.0000  70.0800   1.8588   1.2508   0.0000   0.0000   6.2478 645 852  49  50  51  52  50  52  52
11120903  11.2685   0.1496   0.0000  50.7024   0.1882   0.0000   0.0576   0.0000  51.7371 645 852  49  50  51  52  50  52  52
11120906   8.5678   0.2445   0.0000  41.6784   2.6871   0.0000   0.0000   0.0000  62.1552 645 852  49  50  51  52  50  52  52
11120909   8.7907   0.8208   1.7570   2.7312   6.1318   0.9231   0.0000   0.3508  28.5720 645 852  49  50  51  52  50  52  52
11120912   6.9945   1.2845  17.7514   1.0656  20.4800   0.0000   0.0000   0.3369   3.7580 645 852  49  50  51  52  50  52  52
11120915   3.8617   0.5276  14.8410   0.3312   2.9271   0.0000   0.0000   0.1892   2.2931 645 852  49  50  51  52  50  52  52
11120918   1.5022   0.3172   7.1559   0.0096   0.0235   0.0000   0.0000   0.0000  13.3626 645 852  49  50  51  52  50  52  52
11120921   6.8272   4.0239   0.8637   2.4192   0.8753   1.4585   3.8112   0.0000  26.7745 645 852  49  50  51  52  50  52  52
11121000   7.0254   2.0972   0.2514   0.1056   1.1435   0.0000   0.0000   4.9569  60.7861 645 852  49  50  51  52  50  52  52
11121003   4.3594   1.0245   0.0000   0.0000   3.1765   0.0000   0.0384   2.9677 107.6967 645 852  49  50  51  52  50  52  52
11121006   0.2500   0.1141   0.0000   0.0000   1.2471   0.0000   0.0000   0.0738  79.7095 645 852  49  50  51  52  50  52  52
11121009   1.7648   0.8730   1.3152   0.0384   0.0000   2.7554   0.4272   0.0000  43.0369 645 852  49  50  51  52  50  52  52
11121012   1.0550   1.1327  37.1429   0.0000   0.7953  13.4262   0.0000   0.0000  21.4769 645 852  49  50  51  52  50  52  52
11121015   1.0328   0.1324  17.5714   0.0000   0.0000   5.6954   0.0000   0.0000   1.4794 645 852  49  50  51  52  50  52  52
11121018   1.2076   0.3045   6.8680   0.0000   0.0000   2.1646   0.0000   0.0000   0.0000 645 852  49  50  51  52  50  52  52
11121021   1.6086   2.1521   0.3249   1.7184   7.5435   5.4185   0.2304   0.1846   0.3416 645 852  49  50  51  52  50  52  52
11121100   1.2045   0.8828   0.0000   0.0000   2.2400   0.0000   0.0000   0.1015   0.0000 645 852  49  50  51  52  50  52  52
11121103   0.1712   0.7299   0.0000   0.0000   0.9835   0.0000   0.0624   0.0000   6.7495 645 852  49  50  51  52  50  52  52
11121106   0.0435   1.2321   0.7523   0.0000   0.0000   0.0000   0.0000   0.0738   0.0000 645 852  49  50  51  52  50  52  52
11121109   0.0424   0.2192   0.4623   0.5856   0.0000   0.0000   0.0720   0.5908   0.0000 645 852  49  50  51  52  50  52  52
11121112   3.0251   0.0189  60.2855  10.8096   1.0306   0.0000   0.0000   0.1385   1.3425 645 852  49  50  51  52  50  52  52
11121115   5.7643   0.2758  61.8088  11.4288   0.1035   0.0000   1.4400   0.0000  10.2864 645 852  49  50  51  52  50  52  52
11121118   9.7655   0.1208  28.0954  24.2400   0.0000   0.0000   0.0000   0.0046  13.5700 645 852  49  50  51  52  50  52  52
11121121   6.5559   0.1961   0.4178  21.3888   0.4471   0.0000   0.3264   0.0000  22.3929 645 852  49  50  51  52  50  52  52
11121200   9.6350   1.6535   0.0000   3.3888   0.0471   0.7385   1.2528   0.0000   0.8127 645 852  49  50  51  52  50  52  52
11121203  10.2381   1.3749   0.0000   0.0000   0.1835   0.0000   1.2720   0.0000  25.4610 645 852  49  50  51  52  50  52  52
11121206   3.1211   0.9603   0.0000   0.0720   0.0000   0.0000   0.0000   0.0000  38.4200 645 852  49  50  51  52  50  52  52
11121209   5.2275   1.1237   3.9811   0.1584   0.8941   0.1892   0.0000   0.0000  56.7188 645 852  49  50  51  52  50  52  52
11121212   3.2723   0.0648  93.5946   0.0000   0.0000   4.9015   0.0000   0.0000  61.2938 645 852  49  50  51  52  50  52  52
11121215   7.1482   0.0000  10.8431   5.8368   0.0000   0.0000   1.8480   0.0000  42.3126 645 852  49  50  51  52  50  52  52
11121218   2.9901   0.3223   5.2872   1.8624   0.1035   2.0862   0.3840   0.0000  15.1430 645 852  49  50  51  52  50  52  52
11121221   0.2685   0.6406   2.3312   9.4800   0.0000   0.0000   1.7472   0.0000   2.9597 645 852  49  50  51  52  50  52  52
11121300   0.3393   1.0715   0.0000   1.2096   0.0000   5.9677   0.0000   0.0000   0.0000 645 852  49  50  51  52  50  52  52
11121303   0.6634   0.6772   0.0000   0.9024   0.0000  19.3938   0.0000   0.0000   0.6376 645 852  49  50  51  52  50  52  52
11121306   6.2947   2.0814   2.0525   3.7392   0.0000  56.5708   0.0000   0.0000   6.9555 645 852  49  50  51  52  50  52  52
11121309   5.4538   1.6346   6.8781   0.0000   0.0000  73.9938   0.0144   0.0000   0.7811 645 852  49  50  51  52  50  52  52
11121312   7.9955   0.1304   1.0614   0.8160   0.0000   9.4800   0.0000   1.2508   2.9150 645 852  49  50  51  52  50  52  52
11121315  10.3539   0.7011   0.6083   0.1248   3.0729   0.3600   1.0800   0.0000   0.5360 645 852  49  50  51  52  50  52  52
11121318   6.5501   3.5879  10.9544   2.1312   0.7576   4.2831   3.3600   0.0000  19.0164 645 852  49  50  51  52  50  52  52
11121321   4.8728   1.7118   5.9475   1.7664   1.0918   0.1800   0.0000   0.0000   9.0455 645 852  49  50  51  52  50  52  52
11121400   1.3837   1.6285   1.9106   9.4464   3.3035  29.3123   0.0000  13.0431   7.7240 645 852  49  50  51  52  50  52  52
11121403   1.7189   0.9113   1.8134  20.9712   0.5129  32.6492   0.0000  11.2385  68.6564 645 852  49  50  51  52  50  52  52
11121406   5.2264   0.0831   5.6338   8.1840   0.0000  20.2200   0.0000  10.0938  27.6909 645 852  49  50  51  52  50  52  52
11121409  10.9359   0.2397  10.6448   2.3520   1.1624  43.2692   0.1008   4.4354   6.4401 645 852  49  50  51  52  50  52  52
11121412  16.9518   2.2811   0.5958   1.0944   0.0000  28.9338   1.4112   2.9585   0.4292 645 852  49  50  51  52  50  52  52
11121415  12.0785   1.9955   0.7198   0.1680   0.0000  12.7246   1.4448   3.6369   0.0000 645 852  49  50  51  52  50  52  52
11121418   5.4686   1.6800   0.2117   2.7552   0.5412   2.9723   2.1504   1.7954   0.0000 645 852  49  50  51  52  50  52  52
11121421   5.9851   3.3115   1.8597   0.0000   0.1176  11.3262   0.0000   0.0000   0.7413 645 852  49  50  51  52  50  52  52
11121500   5.1611   6.4780   3.0222   0.1584   7.7271   2.5523   0.0000   2.4323   0.1624 645 852  49  50  51  52  50  52  52
11121503   3.3831   7.6211   2.0444   1.2864   1.7459  16.6431   0.0000   0.1754   0.0692 645 852  49  50  51  52  50  52  52
11121506   2.4119   6.5648   0.0839   0.0720  11.2706  17.8015   2.0400   1.1631   0.0778 645 852  49  50  51  52  50  52  52
11121509   4.1522   9.8082   4.2141   0.0000   0.0000  83.7923   0.0000   0.0000   0.0925 645 852  49  50  51  52  50  52  52
11121512   4.5201   9.9392   0.1881   0.0000   6.8376  26.8246  11.1216   0.7431   6.7685 645 852  49  50  51  52  50  52  52
11121515   4.1209  12.5515   0.8136   0.0000   3.3271  10.3385   4.8864   0.8862  26.5256 645 852  49  50  51  52  50  52  52
11121518   2.3688  10.5127   0.0774   0.0336   3.6753   1.4215   6.2256   1.5000   5.0165 645 852  49  50  51  52  50  52  52
11121521   0.5838  27.6862   0.0000   0.0000   9.5482   0.0000   0.8016   0.0000   0.4265 645 852  49  50  51  52  50  52  52
